Input data file:

numnp = 27
numelm = 16
rad_sphere = 1.0
centreX = 0.0
centreY = 0.0
coordflag = 0
preconflag = 1
movingmesh = 0


Node   Co-ordinates
1	-4.0	0.0
2	-1.0	0.0
3	-0.5	0.866025403784438
4	-4.0	2.0
5	0.5	0.866025403784438
6	4.0	2.0
7	1.0	0.0
8	4.0	0.0
9	-2.309401076758503	0.0
10	-1.154700538379252	2.0
11	1.154700538379252	2.0
12	2.309401076758503		0.0
13	-1.25	0.0
14	-0.625	1.082531754730548
15	0.625	1.082531754730548
16	1.25	0.0
17	-4.0	1.0
18	-2.0	1.0
19	-1.082531754730548	0.625
20	-0.866025403784438	0.5
21	0.0	1.0
22	0.0	1.25
23	0.0	2.0
24	0.866025403784438	0.5
25	1.082531754730548	0.625
26	2.0	1.0
27	4.0	1.0
END


element  nodes
1	1 9 18 17
2	9 13 19 18
3	2 20 19 13
4	17 18 10 4
5	18 19 14 10
6	20 3 14 19
7	14 22 23 10
8	3 21 22 14
9	22 15 11 23
10	21 5 15 22
11	26 27 6 11
12	25 26 11 15
13	5 24 25 15
14	12 8 27 26
15	16 12 26 25
16	24 7 16 25
END


boundary nodes
1
2
3
4
5
6
7
8
9
10
11
12
13
16
20
21
23
24
END


neumann nodes x=1 or y=2
1	1	0
2	1	0
7	1	0
8	1	0
9	1	0
12	1	0
13	1	0
16	1	0
END


wall nodes
4
6
10
11
23
END


inflow nodes
1
4
17
END


outflow nodes
6
8
27
END


wallsymm nodes
1
2
7
8
9
12
13
16
END


circular element theta1 theta2
3	180	150
6	150	120
8	120	90
10	90	60
13	60	30
16	30	0
END


fixed nodes
1
2
3
4
5
6
7
8
9
10
11
12
13
14
15
16
17
18
19
20
21
22
23
24
25
26
27
END


accordian elements
END
