Input data file:

numnp = 72
numelm = 52
rad_sphere = 1.0
centreX = 0.0
centreY = 0.0
coordflag = 1
preconflag = 1
movingmesh = 0


Node   Co-ordinates
1	-4			0
2	-1			0
3	-0.5			0.866025403784438
4	-4			2
5	0.5			0.866025403784438
6	4			2
7	1			0
8	4			0
9	-2.30940107675850	0
10	-1.15470053837925	2
11	1.15470053837925	2
12	2.30940107675850	0
13	-1.5			0
14	-0.75			1.29903810567666
15	0.75			1.29903810567666
16	1.5			0
17	-4			1
18	-2			1
19	-1.29903810567666	0.75
20	-0.866025403784438	0.5
21	0			1
22	0			1.5
23	0			2
24	0.866025403784438	0.5
25	1.29903810567666	0.75
26	2			1
27	4			1
28	-1.12500000000000	0
29	-0.974278579257494	0.562500000000000
30	-0.562500000000000	0.974278579257494
31	0			1.12500000000000
32	0.562500000000000	0.974278579257494
33	0.974278579257494	0.562500000000000
34	1.12500000000000	0
35	-20	0
36	-20	1
37	-20	2
38	20	0
39	20	1
40	20	2
41	0.965925826289068	0.258819045102521
42	1.09482313726566	0.258819045102521
43	1.47750218337985	0.258819045102521
44	2.29485207262376	0.258819045102521
45	4	0.258819045102521
46	20	0.258819045102521
47	-0.965925826289068	0.258819045102521
48	-1.08666655457520	0.291171425740336
49	-1.44888873943360	0.388228567653781
50	-2.15470053837925	0.5
51	-4	0.5
52	-20	0.5
53	-0.707106781186547	0.707106781186547
54	-0.795495128834866	0.795495128834866
55	-1.06066017177982	1.06066017177982
56	-1.57735026918963	1.5
57	-4	1.5
58	-20	1.5
59	-0.258819045102521	0.965925826289068
60	-0.291171425740336	1.08666655457520
61	-0.388228567653781	1.44888873943360
62	-0.577350269189626	2
63	0.258819045102521	0.965925826289068
64	0.291171425740336	1.08666655457520
65	0.388228567653781	1.44888873943360
66	0.577350269189626	2
67	0.707106781186547	0.707106781186547
68	0.795495128834866	0.795495128834866
69	1.06066017177982	1.06066017177982
70	1.57735026918963	1.5
71	4			1.5
72	20			1.5
END


element  nodes
1	1	9	50	51
2	9	13	49	50
3	13	28	48	49
4	2	47	48	28
5	17	18	56	57
6	18	19	55	56
7	19	29	54	55
8	20	53	54	29
9	14	61	62	10
10	30	60	61	14
11	3	59	60	30
12	22	65	66	23
13	31	64	65	22
14	21	63	64	31
15	26	27	71	70
16	15	69	70	11
17	32	68	69	15
18	5	67	68	32
19	44	45	27	26
20	43	44	26	25
21	42	43	25	33
22	24	41	42	33
23	12	8	45	44
24	16	12	44	43
25	34	16	43	42
26	41	7	34	42
27	35	1	51	52
28	36	17	57	58
29	8	38	46	45
30	45	46	39	27
31	27	39	72	71
32	47	20	29	48
33	49	48	29	19
34	50	49	19	18
35	51	50	18	17
36	52	51	17	36
37	53	3	30	54
38	55	54	30	14
39	56	55	14	10
40	57	56	10	4
41	58	57	4	37
42	59	21	31	60
43	60	31	22	61
44	61	22	23	62
45	63	5	32	64
46	64	32	15	65
47	65	15	11	66
48	67	24	33	68
49	68	33	25	69
50	69	25	26	70
51	70	71	6	11
52	71	72	40	6
END


boundary nodes
1
2
3
4
5
6
7
8
9
10
11
12
13
16
20
21
23
24
28
34
35
36
37
38
39
40
41
46
47
52
53
58
59
62
63
66
67
72
END


neumann nodes x=1 or y=2
1	1	0
2	1	0
7	1	0
8	1	0
9	1	0
12	1	0
13	1	0
16	1	0
28	1	0
34	1	0
35	1	0
38	1	0
END


wall nodes
4
6
10
11
23
37
40
62
66
END


inflow nodes
35
36
37
52
58
END


outflow nodes
38
39
40
46
72
END


wallsymm nodes
1
2
7
8
9
12
13
16
28
34
35
38
END


circular element theta1 theta2
4	180	165
32	165	150
8	150	135
37	135	120
11	120	105
42	105	90
14	90	75
45	75	60
18	60	45
48	45	30
22	30	15
26	15	0
END


fixed nodes
1
2
3
4
5
6
7
8
9
10
11
12
13
14
15
16
17
18
19
20
21
22
23
24
25
26
27
28
29
30
31
32
33
34
35
36
37
38
39
40
41
42
43
44
45
46
47
48
49
50
51
52
53
54
55
56
57
58
59
60
61
62
63
64
65
66
67
68
69
70
71
72
END


accordian elements
END

