Input data file:

numnp = 58
numelm = 41
rad_sphere = 1.0
centreX = 0.0
centreY = 0.0
coordflag = 1
preconflag = 1
movingmesh = 0


Node   Co-ordinates
1	-4	0
2	-1	0
3	-0.500000000000000	0.866025403784438
4	-4	2
5	0.500000000000000	0.866025403784438
6	5	2
7	1	0
8	5	0
9	-2.30940107675850	0
10	-1.15470053837925	2
11	1.15470053837925	2
12	2.30940107675850	0
13	-1.50000000000000	0
14	-0.750000000000000	1.29903810567666
15	0.750000000000000	1.29903810567666
16	1.50000000000000	0
17	-4	1
18	-2	1
19	-1.29903810567666	0.750000000000000
20	-0.866025403784438	0.500000000000000
21	0	1
22	0	1.50000000000000
23	0	2
24	0.866025403784438	0.500000000000000
25	1.29903810567666	0.750000000000000
26	2	1
27	5	1
28	-1.12500000000000	0
29	-0.974278579257494	0.562500000000000
30	-0.562500000000000	0.974278579257494
31	0	1.12500000000000
32	0.562500000000000	0.974278579257494
33	0.974278579257494	0.562500000000000
34	1.12500000000000	0
35	-20	0
36	-20	1
37	-20	2
38	20	0
39	20	1
40	20	2
41	0.965925826289068	0.258819045102521
42	1.09482313726566	0.258819045102521
43	1.47750218337985	0.258819045102521
44	2.29485207262376	0.258819045102521
45	5	0.258819045102521
46	20	0.258819045102521
47	3.30940107675850	0
48	3.29485207262376	0.258819045102521
49	3	1
50	2.15470053837925	2
51	-1.31250000000000	0
52	-1.13665834246708	0.656250000000000
53	-0.656250000000000	1.13665834246708
54	0	1.31250000000000
55	0.656250000000000	1.13665834246708
56	1.13665834246708	0.656250000000000
57	1.28616266032275	0.258819045102521
58	1.31250000000000	0
END


element  nodes
1	1	9	18	17
2	9	13	19	18
3	51	28	29	52
4	2	20	29	28
5	17	18	10	4
6	18	19	14	10
7	52	29	30	53
8	20	3	30	29
9	14	22	23	10
10	30	31	54	53
11	3	21	31	30
12	22	15	11	23
13	31	32	55	54
14	21	5	32	31
15	49	27	6	50
16	15	25	26	11
17	32	33	56	55
18	5	24	33	32
19	48	45	27	49
20	43	44	26	25
21	33	42	57	56
22	24	41	42	33
23	47	8	45	48
24	16	12	44	43
25	34	58	57	42
26	41	7	34	42
27	35	1	17	36
28	36	17	4	37
29	8	38	46	45
30	45	46	39	27
31	27	39	40	6
32	12	47	48	44
33	44	48	49	26
34	26	49	50	11
35	13	51	52	19
36	19	52	53	14
37	14	53	54	22
38	54	55	15	22
39	55	56	25	15
40	56	57	43	25
41	58	16	43	57
END


boundary nodes
1
2
3
4
5
6
7
8
9
10
11
12
13
16
20
21
23
24
28
34
35
36
37
38
39
40
41
46
47
50
51
58
END


neumann nodes x=1 or y=2
1	1	0
2	1	0
7	1	0
8	1	0
9	1	0
12	1	0
13	1	0
16	1	0
28	1	0
34	1	0
35	1	0
38	1	0
47	1	0
51	1	0
58	1	0
END


wall nodes
4
6
10
11
23
37
40
50
END


inflow nodes
35
36
37
END


outflow nodes
38
39
40
46
END


wallsymm nodes
1
2
7
8
9
12
13
16
28
34
35
38
47
51
58
END


circular element theta1 theta2
4	180	150
8	150	120
11	120	90
14	90	60
18	60	30
22	30	15
26	15	0
END


fixed nodes
1
2
3
4
5
6
7
8
9
10
11
12
13
14
15
16
17
18
19
20
21
22
23
24
25
26
27
28
29
30
31
32
33
34
35
36
37
38
39
40
41
42
43
44
45
46
47
48
49
50
51
52
53
54
55
56
57
58
END


accordian elements
END

