Input data file:

numnp = 40
numelm = 26
rad_sphere = 1.0
centreX = 0.0
centreY = 0.0
coordflag = 1
preconflag = 1
movingmesh = 0


Node   Co-ordinates
1	-4.0	0.0
2	-1.0	0.0
3	-0.5	0.866025403784438
4	-4.0	2.0
5	0.5	0.866025403784438
6	4.0	2.0
7	1.0	0.0
8	4.0	0.0
9	-2.309401076758503	0.0
10	-1.154700538379252	2.0
11	1.154700538379252	2.0
12	2.309401076758503		0.0
13	-1.5	0.0
14	-0.75	1.29903810567666
15	0.75	1.29903810567666
16	1.5	0.0
17	-4.0	1.0
18	-2.0	1.0
19	-1.29903810567666	0.75
20	-0.866025403784438	0.5
21	0.0	1.0
22	0.0	1.5
23	0.0	2.0
24	0.866025403784438	0.5
25	1.29903810567666	0.75
26	2.0	1.0
27	4.0	1.0
28	-1.125	0.0
29	-0.974278579257494	0.5625
30	-0.5625	0.974278579257494
31	0.0	1.125
32	0.5625	0.974278579257494
33	0.974278579257494	0.5625
34	1.125	0.0
35	-20.0	0.0
36	-20.0	1.0
37	-20.0	2.0
38	20.0	0.0
39	20.0	1.0
40	20.0	2.0
END


element  nodes
1	1 9 18 17
2	9 13 19 18
3	13 28 29 19
4	2 20 29 28
5	17 18 10 4
6	18 19 14 10
7	19 29 30 14
8	20 3 30 29
9	14 22 23 10
10	30 31 22 14
11	3 21 31 30
12	22 15 11 23
13	31 32 15 22	
14	21 5 32 31
15	26 27 6 11
16	15 25 26 11
17	32 33 25 15
18	5 24 33 32
19	12 8 27 26
20	16 12 26 25
21	34 16 25 33
22	24 7 34 33
23	35 1 17 36
24	36 17 4 37
25	8 38 39 27
26	27 39 40 6
END


boundary nodes
1
2
3
4
5
6
7
8
9
10
11
12
13
16
20
21
23
24
28
34
35
36
37
38
39
40
END


neumann nodes x=1 or y=2
1	1	0
2	1	0
7	1	0
8	1	0
9	1	0
12	1	0
13	1	0
16	1	0
28	1	0
34	1	0
35	1	0
38	1	0
END


wall nodes
4
6
10
11
23
37
40
END


inflow nodes
35
36
37
END


outflow nodes
38
39
40
END


wallsymm nodes
1
2
7
8
9
12
13
16
28
34
35
38
END


circular element theta1 theta2
4	180	150
8	150	120
11	120	90
14	90	60
18	60	30
22	30	0
END


fixed nodes
1
2
3
4
5
6
7
8
9
10
11
12
13
14
15
16
17
18
19
20
21
22
23
24
25
26
27
28
29
30
31
32
33
34
35
36
37
38
39
40
END


accordian elements
END

