Input data file:

numnp = 16
numelm = 9
rad_sphere = 1.0
centreX = 0.0
centreY = 0.0
coordflag = 0
preconflag = 1
movingmesh = 0


Node   Co-ordinates
1	-1	-1
2	1	-1
3	1	1
4	-1	1
5	-0.333333333333333333	-1
6	0.333333333333333333	-1
7	1	-0.333333333333333333
8	1	0.333333333333333333
9	0.333333333333333333	1
10	-0.333333333333333333	1
11	-1	0.333333333333333333
12	-1	-0.333333333333333333
13	-0.333333333333333333	-0.333333333333333333
14	0.333333333333333333	-0.333333333333333333
15	0.333333333333333333	0.333333333333333333
16	-0.333333333333333333	0.333333333333333333
END


element  nodes
1	1 5 13 12
2	5 6 14 13
3	6 2 7 14
4	12 13 16 11
5	13 14 15 16
6	14 7 8 15
7	11 16 10 4
8	16 15 9 10
9	15 8 3 9
END


boundary nodes
1
2
3
4
5
6
7
8
9
10
11
12
END


neumann neumann nodes x=1 or y=2
END


wall nodes
1
2
3
4
5
6
7
8
9
10
11
12
END


inflow nodes
END


outflow nodes
END


wallsymm nodes
END


circular element theta1 theta2
END


fixed nodes
1
2
3
4
5
6
7
8
9
10
11
12
13
14
15
16
END


accordian elements
END
